-10 0 1.48292e-09 15307.6 -14283.8 1.84749e-28 9.86559e-28 2.69655e-14 9.24137e-36 6.39289e-36 0 3.30163e-14 
-9.89899 2074.25 1.02073e+10 13934.9 -12918.3 3.69426e-28 1.97274e-27 3.98244e-14 2.04433e-35 1.4142e-35 0 2.98399e-14 
-9.79798 4352.11 2.26077e+10 12693.4 -11684.6 7.3777e-28 3.93969e-27 5.87406e-14 4.5166e-35 3.12445e-35 0 2.69687e-14 
-9.69697 6851.9 3.76628e+10 11570.4 -10570 1.47137e-27 7.85712e-27 8.65236e-14 9.96509e-35 6.89354e-35 0 2.43733e-14 
-9.59596 9593.31 5.59277e+10 10554.4 -9563.09 2.93015e-27 1.5647e-26 1.27262e-13 2.19541e-34 1.51872e-34 0 2.20274e-14 
-9.49495 12597.4 7.80702e+10 9635.17 -8653.59 5.82613e-27 3.11115e-26 1.86889e-13 4.82921e-34 3.34069e-34 0 1.99068e-14 
-9.39394 15886.8 1.04892e+11 8803.26 -7832.14 1.15652e-26 6.17581e-26 2.74001e-13 1.06051e-33 7.3363e-34 0 1.79901e-14 
-9.29293 19485.4 1.37354e+11 8050.24 -7090.31 2.29173e-26 1.22378e-25 4.01013e-13 2.32485e-33 1.60826e-33 0 1.62575e-14 
-9.19192 23418.8 1.76607e+11 7368.45 -6420.46 4.53282e-26 2.42053e-25 5.85813e-13 5.08708e-33 3.51908e-33 0 1.46915e-14 
-9.09091 27714.1 2.24027e+11 6750.98 -5815.7 8.94803e-26 4.77825e-25 8.5411e-13 1.11095e-32 7.68522e-33 0 1.3276e-14 
-8.9899 32399.8 2.81254e+11 6191.58 -5269.77 1.76278e-25 9.41326e-25 1.24274e-12 2.42122e-32 1.67493e-32 0 1.19965e-14 
-8.88889 37506.1 3.50247e+11 5684.59 -4777.03 3.46533e-25 1.85048e-24 1.80435e-12 5.26561e-32 3.64258e-32 0 1.084e-14 
-8.78788 43064.7 4.33333e+11 5224.91 -4332.37 6.79714e-25 3.62967e-24 2.61396e-12 1.14261e-31 7.90423e-32 0 9.79467e-15 
-8.68687 49108.9 5.33278e+11 4807.9 -3931.14 1.33019e-24 7.10319e-24 3.77817e-12 2.47373e-31 1.71125e-31 0 8.84985e-15 
-8.58586 55673.3 6.53363e+11 4429.41 -3569.17 2.597e-24 1.3868e-23 5.44799e-12 5.34294e-31 3.69608e-31 0 7.99587e-15 
-8.48485 62794.4 7.97474e+11 4085.67 -3242.64 5.05801e-24 2.70098e-23 7.83681e-12 1.15121e-30 7.96374e-31 0 7.22401e-15 
-8.38384 70509.7 9.70205e+11 3773.26 -2948.14 9.82682e-24 5.24752e-23 1.12452e-11 2.47433e-30 1.71167e-30 0 6.52639e-15 
-8.28283 78858.6 1.17698e+12 3489.11 -2682.52 1.90439e-23 1.01695e-22 1.60956e-11 5.30481e-30 3.6697e-30 0 5.89586e-15 
-8.18182 87881.5 1.42421e+12 3230.46 -2442.99 3.68129e-23 1.96581e-22 2.29798e-11 1.13444e-29 7.84769e-30 0 5.326e-15 
-8.08081 97620.7 1.71942e+12 2994.79 -2226.96 7.098e-23 3.79033e-22 3.27249e-11 2.41983e-29 1.67396e-29 0 4.81097e-15 
-7.9798 108119 2.07147e+12 2779.85 -2032.13 1.3651e-22 7.28965e-22 4.6484e-11 5.14853e-29 3.56159e-29 0 4.34551e-15 
-7.87879 119423 2.49078e+12 2583.61 -1856.39 2.61875e-22 1.39841e-21 6.58609e-11 1.09265e-28 7.55859e-29 0 3.92485e-15 
-7.77778 131577 2.98957e+12 2404.24 -1697.85 5.0111e-22 2.67593e-21 9.30813e-11 2.31306e-28 1.6001e-28 0 3.5447e-15 
-7.67677 144629 3.58217e+12 2240.09 -1554.78 9.5653e-22 5.10787e-21 1.31227e-10 4.8845e-28 3.37895e-28 0 3.20116e-15 
-7.57576 158630 4.28535e+12 2089.68 -1425.62 1.82143e-21 9.72643e-21 1.84558e-10 1.02897e-27 7.11808e-28 0 2.89071e-15 
-7.47475 173629 5.11876e+12 1951.67 -1308.96 3.46019e-21 1.84774e-20 2.5895e-10 2.16251e-27 1.49596e-27 0 2.61019e-15 
-7.37374 189680 6.10536e+12 1824.86 -1203.54 6.5583e-21 3.50213e-20 3.62496e-10 4.53437e-27 3.13674e-27 0 2.35671e-15 
-7.27273 206836 7.272e+12 1708.19 -1108.2 1.24028e-20 6.6231e-20 5.06323e-10 9.48669e-27 6.5626e-27 0 2.12767e-15 
-7.17172 225154 8.65004e+12 1600.68 -1021.91 2.34058e-20 1.24987e-19 7.05711e-10 1.98055e-26 1.37008e-26 0 1.92073e-15 
-7.07071 244692 1.02761e+13 1501.47 -943.733 4.40798e-20 2.35386e-19 9.81609e-10 4.12639e-26 2.85451e-26 0 1.73376e-15 
-6.9697 265511 1.21928e+13 1409.78 -872.842 8.28533e-20 4.42437e-19 1.36271e-09 8.58042e-26 5.93567e-26 0 1.56484e-15 
-6.86869 287673 1.44501e+13 1324.92 -808.478 1.55445e-19 8.30075e-19 1.88828e-09 1.78091e-25 1.23198e-25 0 1.41225e-15 
-6.76768 311245 1.71061e+13 1246.26 -749.968 2.91126e-19 1.55461e-18 2.61196e-09 3.68991e-25 2.55256e-25 0 1.2744e-15 
-6.66667 336293 2.02285e+13 1173.24 -696.705 5.44336e-19 2.90675e-18 3.60701e-09 7.63255e-25 5.27996e-25 0 1.14987e-15 
-6.56566 362890 2.38963e+13 1105.35 -648.15 1.0162e-18 5.42648e-18 4.97341e-09 1.57633e-24 1.09046e-24 0 1.0374e-15 
-6.46465 391111 2.82015e+13 1042.15 -603.818 1.89433e-18 1.01157e-17 6.84742e-09 3.25083e-24 2.24882e-24 0 9.35815e-16 
-6.36364 421031 3.32513e+13 983.24 -563.276 3.52647e-18 1.88313e-17 9.41473e-09 6.69495e-24 4.63136e-24 0 8.44069e-16 
-6.26263 452735 3.91707e+13 928.246 -526.141 6.55652e-18 3.50118e-17 1.29282e-08 1.37705e-23 9.52599e-24 0 7.61215e-16 
-6.16162 486306 4.6105e+13 876.846 -492.067 1.21757e-17 6.50182e-17 1.77318e-08 2.82903e-23 1.95703e-23 0 6.86396e-16 
-6.06061 521836 5.42237e+13 828.746 -460.748 2.25859e-17 1.20609e-16 2.42937e-08 5.80564e-23 4.01616e-23 0 6.18839e-16 
-5.9596 559418 6.37242e+13 783.682 -431.912 4.18545e-17 2.23503e-16 3.325e-08 1.19021e-22 8.23347e-23 0 5.57843e-16 
-5.85859 599151 7.48361e+13 741.416 -405.315 7.74888e-17 4.1379e-16 4.54658e-08 2.43774e-22 1.68635e-22 0 5.02776e-16 
-5.75758 641141 8.78269e+13 701.732 -380.742 1.43338e-16 7.65423e-16 6.21158e-08 4.98858e-22 3.45094e-22 0 4.53065e-16 
-5.65657 685496 1.03008e+14 664.436 -358 2.64933e-16 1.41474e-15 8.47957e-08 1.02005e-21 7.05638e-22 0 4.08194e-16 
-5.55556 732331 1.20742e+14 629.353 -336.916 4.89323e-16 2.61298e-15 1.15672e-07 2.08424e-21 1.44181e-21 0 3.67695e-16 
-5.45455 781770 1.41451e+14 596.322 -317.339 9.03157e-16 4.82286e-15 1.57685e-07 4.25583e-21 2.94405e-21 0 3.31146e-16 
-5.35354 833938 1.65627e+14 565.198 -299.132 1.66596e-15 8.89622e-15 2.14827e-07 8.68466e-21 6.00778e-21 0 2.98164e-16 
-5.25253 888971 1.9384e+14 535.849 -282.173 3.07129e-15 1.64007e-14 2.9251e-07 1.77124e-20 1.22529e-20 0 2.68406e-16 
-5.15152 947011 2.26758e+14 508.155 -266.354 5.65919e-15 3.02201e-14 3.98079e-07 3.6106e-20 2.4977e-20 0 2.41558e-16 
-5.05051 1.00821e+06 2.65154e+14 482.005 -251.577 1.04228e-14 5.56577e-14 5.41495e-07 7.3566e-20 5.08907e-20 0 2.1734e-16 
-4.94949 1.07272e+06 3.0993e+14 457.299 -237.757 1.91879e-14 1.02463e-13 7.36264e-07 1.49826e-19 1.03645e-19 0 1.95496e-16 
-4.84848 1.1407e+06 3.62137e+14 433.944 -224.814 3.53103e-14 1.88557e-13 1.0007e-06 3.05022e-19 2.11004e-19 0 1.75796e-16 
-4.74747 1.21234e+06 4.22996e+14 411.855 -212.678 6.49562e-14 3.46866e-13 1.35962e-06 6.20752e-19 4.29417e-19 0 1.58033e-16 
-4.64646 1.28782e+06 4.93928e+14 390.954 -201.287 1.19454e-13 6.37882e-13 1.84668e-06 1.26289e-18 8.73627e-19 0 1.42018e-16 
-4.54545 1.36732e+06 5.76588e+14 371.168 -190.584 2.19609e-13 1.17271e-12 2.50749e-06 2.56852e-18 1.77683e-18 0 1.27581e-16 
-4.44444 1.45106e+06 6.72902e+14 352.43 -180.517 4.03631e-13 2.15539e-12 3.40384e-06 5.22259e-18 3.61283e-18 0 1.14569e-16 
-4.34343 1.53924e+06 7.8511e+14 334.68 -171.041 7.41674e-13 3.96054e-12 4.61948e-06 1.06165e-17 7.34419e-18 0 1.02844e-16 
-4.24242 1.6321e+06 9.15822e+14 317.858 -162.112 1.36253e-12 7.2759e-12 6.26788e-06 2.15766e-17 1.4926e-17 0 9.22797e-17 
-4.14141 1.72986e+06 1.06807e+15 301.913 -153.693 2.50259e-12 1.33638e-11 8.50279e-06 4.38426e-17 3.0329e-17 0 8.27635e-17 
-4.0404 1.83278e+06 1.24539e+15 286.793 -145.749 4.59574e-12 2.45413e-11 1.15325e-05 8.90698e-17 6.16157e-17 0 7.4193e-17 
-3.93939 1.94113e+06 1.45189e+15 272.454 -138.248 8.43819e-12 4.50599e-11 1.56391e-05 1.80922e-16 1.25156e-16 0 6.64759e-17 
-3.83838 2.05517e+06 1.69235e+15 258.85 -131.161 1.54909e-11 8.27215e-11 2.12049e-05 3.67441e-16 2.54184e-16 0 5.95289e-17 
-3.73737 2.1752e+06 1.97234e+15 245.943 -124.461 2.84345e-11 1.5184e-10 2.87474e-05 7.46146e-16 5.16161e-16 0 5.32765e-17 
-3.63636 2.30153e+06 2.29833e+15 233.695 -118.123 5.21866e-11 2.78676e-10 3.8968e-05 1.51498e-15 1.04801e-15 0 4.76508e-17 
-3.53535 2.43447e+06 2.67786e+15 222.069 -112.125 9.57684e-11 5.11403e-10 5.28162e-05 3.07565e-15 2.12764e-15 0 4.25903e-17 
-3.43434 2.57437e+06 3.1197e+15 211.032 -106.447 1.75727e-10 9.38385e-10 7.15781e-05 6.24342e-15 4.31901e-15 0 3.80395e-17 
-3.33333 2.72158e+06 3.63406e+15 200.554 -101.068 3.22414e-10 1.72169e-09 9.69953e-05 1.26726e-14 8.76651e-15 0 3.39483e-17 
-3.23232 2.87648e+06 4.23279e+15 190.605 -95.9696 5.91493e-10 3.15857e-09 0.000131426 2.57199e-14 1.77922e-14 0 3.02715e-17 
-3.13131 3.03946e+06 4.92973e+15 181.158 -91.1361 1.08504e-09 5.79413e-09 0.000178063 5.21956e-14 3.61073e-14 0 2.69683e-17 
-3.0303 3.21094e+06 5.74093e+15 172.185 -86.5512 1.99025e-09 1.06279e-08 0.000241229 1.05916e-13 7.32696e-14 0 2.40018e-17 
-2.92929 3.39135e+06 6.6851e+15 163.665 -82.1997 3.65032e-09 1.94927e-08 0.000326776 2.14909e-13 1.48668e-13 0 2.13387e-17 
-2.82828 3.58115e+06 7.78397e+15 155.572 -78.0675 6.6945e-09 3.57486e-08 0.000442621 4.36024e-13 3.01628e-13 0 1.89489e-17 
-2.72727 3.78081e+06 9.06285e+15 147.886 -74.141 1.22762e-08 6.55551e-08 0.000599481 8.84556e-13 6.11908e-13 0 1.68055e-17 
-2.62626 3.99085e+06 1.05512e+16 140.588 -70.4069 2.25096e-08 1.20201e-07 0.000811847 1.79431e-12 1.24125e-12 0 1.48838e-17 
-2.52525 4.21178e+06 1.22831e+16 133.657 -66.8523 4.12687e-08 2.20375e-07 0.00109932 3.6393e-12 2.51755e-12 0 1.31618e-17 
-2.42424 4.44417e+06 1.42983e+16 127.076 -63.4645 7.56508e-08 4.03975e-07 0.00148837 7.38037e-12 5.10551e-12 0 1.16197e-17 
-2.32323 4.68858e+06 1.66432e+16 120.831 -60.2305 1.38654e-07 7.40411e-07 0.00201476 1.49646e-11 1.0352e-11 0 1.02394e-17 
-2.22222 4.9456e+06 1.93712e+16 114.904 -57.137 2.54071e-07 1.35674e-06 0.00272674 3.03358e-11 2.09854e-11 0 9.00479e-18 
-2.12121 5.21587e+06 2.25446e+16 109.283 -54.1701 4.65433e-07 2.48541e-06 0.00368928 6.14789e-11 4.25292e-11 0 7.90119e-18 
-2.0202 5.50001e+06 2.62355e+16 103.957 -51.3147 8.52317e-07 4.55137e-06 0.00498977 1.24548e-10 8.61587e-11 0 6.91547e-18 
-1.91919 5.79868e+06 3.05275e+16 98.9136 -48.5542 1.56004e-06 8.3306e-06 0.00674544 2.52197e-10 1.74462e-10 0 6.03576e-18 
-1.81818 6.11252e+06 3.55169e+16 94.1453 -45.87 2.85359e-06 1.52381e-05 0.009113 5.10345e-10 3.53041e-10 0 5.25135e-18 
-1.71717 6.4422e+06 4.1315e+16 89.6451 -43.2408 5.21526e-06 2.78495e-05 0.012301 1.03185e-09 7.13803e-10 0 4.55264e-18 
-1.61616 6.78833e+06 4.80495e+16 85.4087 -40.6416 9.52061e-06 5.084e-05 0.0165854 2.08389e-09 1.44157e-09 0 3.93095e-18 
-1.51515 7.15149e+06 5.58664e+16 81.4346 -38.0431 1.73537e-05 9.26687e-05 0.022328 4.20213e-09 2.9069e-09 0 3.3785e-18 
-1.41414 7.53219e+06 6.49316e+16 77.7244 -35.4104 3.15672e-05 0.000168569 0.0299977 8.45632e-09 5.84982e-09 0 2.88829e-18 
-1.31313 7.9308e+06 7.54322e+16 74.2835 -32.7021 5.72672e-05 0.000305807 0.0401934 1.69715e-08 1.17403e-08 0 2.45404e-18 
-1.21212 8.34753e+06 8.75764e+16 71.1221 -29.8694 0.00010352 0.000552795 0.053662 3.39395e-08 2.34783e-08 0 2.07014e-18 
-1.11111 8.78228e+06 1.01592e+17 68.2554 -26.8553 0.000186251 0.000994579 0.0713079 6.75536e-08 4.67315e-08 0 1.73156e-18 
-1.0101 9.23462e+06 1.17725e+17 65.7051 -23.5946 0.000333054 0.00177851 0.0941782 1.33639e-07 9.24474e-08 0 1.43382e-18 
-0.909091 9.70363e+06 1.36229e+17 63.4996 -20.0155 0.000590898 0.00315539 0.123408 2.623e-07 1.81451e-07 0 1.17293e-18 
-0.808081 1.01878e+07 1.5736e+17 61.6748 -16.0428 0.00103796 0.00554269 0.160105 5.09722e-07 3.5261e-07 0 9.4535e-19 
-0.707071 1.06847e+07 1.81354e+17 60.2743 -11.6026 0.00180082 0.00961638 0.20516 9.78347e-07 6.7679e-07 0 7.47921e-19 
-0.606061 1.11914e+07 2.08415e+17 59.3488 -6.63079 0.00307789 0.0164359 0.258982 1.84988e-06 1.27969e-06 0 5.77823e-19 
-0.505051 1.17037e+07 2.38686e+17 58.9543 -1.08116 0.00516875 0.0276011 0.321218 3.43673e-06 2.37742e-06 0 4.32507e-19 
-0.40404 1.2217e+07 2.72231e+17 59.1505 5.06646 0.00850825 0.045434 0.390525 6.25846e-06 4.32941e-06 0 3.09638e-19 
-0.30303 1.27258e+07 3.09016e+17 59.9976 11.8028 0.0137034 0.0731763 0.464552 1.11513e-05 7.7141e-06 0 2.07023e-19 
-0.20202 1.32246e+07 3.48907e+17 61.5536 19.0924 0.0215741 0.115206 0.540172 1.94221e-05 1.34356e-05 0 1.22563e-19 
-0.10101 1.3708e+07 3.91674e+17 63.8716 26.8847 0.0332019 0.177298 0.613987 3.3067e-05 2.28747e-05 0 5.42194e-20 
0 1.41714e+07 4.37018e+17 67 35.129 0.05 0.267 0.682907 5.50896e-05 3.81093e-05 0 0 
